* Measurement data measured by REW V5.31.3
* Source: Trace Arithmetic result A + B
* Format: Trace Arithmetic result A + B
* Dated: 13:08:36 14/06/2025
* REW Settings:
*  C-weighting compensation: Off
*  Target level: 75.0 dB
* Note: 
* Measurement: A plus B
* Smoothing: 1/12 octave
* Frequency Step: 1/96 octave
* Start Frequency: 20.885 Hz
*
* Freq(Hz)	SPL(dB)	Phase(degrees)
20.885475	72.7385	165.7
21.036821	72.8346	165.3218
21.189262	72.9747	164.8066
21.342808	73.1437	164.1999
21.497467	73.3318	163.6528
21.653246	73.5309	163.1821
21.810154	73.736	162.8154
21.968201	73.942	162.5152
22.12739	74.1502	162.338
22.287735	74.3604	162.2076
22.449242	74.5714	162.0384
22.611917	74.7876	161.8626
22.775772	75.0078	161.6017
22.940815	75.2308	161.191
23.107054	75.4601	160.7047
23.274498	75.6945	160.1156
23.443153	75.9295	159.4116
23.613033	76.1687	158.713
23.784142	76.4081	158.0202
23.956491	76.6471	157.3259
24.130091	76.8865	156.7356
24.304947	77.1279	156.2137
24.481071	77.3689	155.7064
24.65847	77.6164	155.2736
24.837156	77.8698	154.8401
25.017136	78.1323	154.3715
25.198421	78.4023	153.7975
25.38102	78.6828	153.1921
25.564941	78.9714	152.5145
25.750195	79.2634	151.7368
25.93679	79.558	150.9743
26.124741	79.8526	150.2112
26.314051	80.1426	149.4228
26.504732	80.4313	148.7075
26.696796	80.718	148.0105
26.890253	81.005	147.257
27.085112	81.2997	146.4982
27.281382	81.6055	145.6403
27.479073	81.9215	144.5933
27.678198	82.2523	143.424
27.878765	82.5942	142.0807
28.080786	82.9382	140.5351
28.284271	83.281	138.9257
28.489231	83.6119	137.2613
28.695675	83.9199	135.6031
28.903616	84.1969	133.9587
29.113064	84.4419	132.4747
29.324028	84.6529	131.1367
29.536524	84.8309	129.9141
29.750557	84.99	128.9152
29.966141	85.1361	128.0845
30.183289	85.2811	127.3527
30.40201	85.4413	126.7959
30.622314	85.6246	126.3275
30.844217	85.8326	125.8548
31.067726	86.0708	125.4417
31.292856	86.3341	124.9972
31.519617	86.6141	124.4351
31.74802	86.9075	123.8371
31.978081	87.2068	123.1327
32.209808	87.5048	122.2575
32.443211	87.8023	121.3175
32.67831	88.0978	120.2611
32.915108	88.3914	119.0956
33.153625	88.6804	117.7745
33.393871	88.973	116.4214
33.635857	89.2656	114.993
33.879597	89.5586	113.4439
34.125103	89.8553	111.9004
34.372387	90.1531	110.3188
34.621464	90.4461	108.6541
34.872345	90.7399	107.0367
35.125042	91.0298	105.422
35.379574	91.3088	103.7621
35.635948	91.5816	102.183
35.89418	91.8437	100.6288
36.154285	92.0937	99.0372
36.416275	92.3368	97.5219
36.680161	92.5708	96.0146
36.945961	92.7978	94.4443
37.213688	93.025	92.9258
37.483353	93.2532	91.3935
37.754974	93.4855	89.8457
38.028561	93.7215	88.2202
38.304131	93.9699	86.6437
38.581699	94.2284	85.0529
38.861279	94.4934	83.3792
39.142883	94.7699	81.7419
39.426529	95.0514	80.0651
39.712231	95.3294	78.2707
40	95.608	76.4779
40.289856	95.8778	74.6164
40.581814	96.1328	72.6206
40.875885	96.3796	70.63
41.172089	96.6135	68.5907
41.47044	96.8335	66.4483
41.77095	97.0474	64.3482
42.073643	97.2554	62.2297
42.378525	97.4544	60.0253
42.685616	97.6515	57.8693
42.994934	97.8427	55.6905
43.306492	98.028	53.4872
43.620308	98.199	51.1915
43.936401	98.3633	48.9498
44.25478	98.5157	46.701
44.57547	98.6517	44.3829
44.898483	98.7792	42.1464
45.223835	98.8949	39.927
45.551544	98.9939	37.6577
45.88163	99.0875	35.487
46.214108	99.1714	33.346
46.548996	99.2414	31.1634
46.886307	99.3062	29.0886
47.226067	99.3622	27.0504
47.568283	99.4042	24.9767
47.912983	99.4423	23.0201
48.260181	99.4734	21.1099
48.609894	99.4924	19.1731
48.962143	99.5096	17.3622
49.31694	99.522	15.5996
49.674313	99.5286	13.8804
50.034271	99.5246	12.1198
50.396843	99.5221	10.466
50.762039	99.5178	8.8363
51.129883	99.5058	7.1479
51.500389	99.4996	5.5559
51.873581	99.4955	3.9798
52.249481	99.4865	2.3379
52.628101	99.4865	0.7881
53.009464	99.4877	-0.7509
53.393593	99.4857	-2.3615
53.780506	99.4928	-3.8826
54.170223	99.5042	-5.3948
54.562763	99.5132	-6.9788
54.958145	99.5337	-8.4662
55.356396	99.5583	-9.9313
55.75753	99.5803	-11.4489
56.161572	99.613	-12.8447
56.568542	99.6459	-14.1983
56.978462	99.6788	-15.511
57.39135	99.7018	-16.8729
57.807232	99.7299	-18.1195
58.226128	99.7551	-19.3381
58.648056	99.7721	-20.6146
59.073048	99.7965	-21.7764
59.501114	99.821	-22.9097
59.932281	99.84	-24.1051
60.366577	99.8696	-25.1935
60.80402	99.9014	-26.2666
61.244629	99.9274	-27.4153
61.688435	99.9633	-28.4657
62.135452	100.0004	-29.507
62.585712	100.0304	-30.6313
63.039234	100.0706	-31.6632
63.49604	100.1109	-32.6933
63.956161	100.1439	-33.8117
64.419617	100.1854	-34.8376
64.886421	100.2261	-35.8597
65.356621	100.2668	-36.8778
65.830215	100.2968	-37.9827
66.307251	100.3358	-38.9897
66.787743	100.3749	-39.9872
67.271713	100.4039	-41.0647
67.759193	100.4451	-42.0362
68.250206	100.4866	-42.9957
68.744774	100.5216	-44.0411
69.242928	100.5672	-44.9912
69.74469	100.6139	-45.9437
70.250084	100.6509	-46.9963
70.759148	100.6979	-47.9624
71.271896	100.745	-48.936
71.788361	100.78	-50.0119
72.308571	100.8233	-50.9979
72.83255	100.8627	-51.9839
73.360321	100.8877	-53.0571
73.891922	100.9203	-54.0145
74.427376	100.9511	-54.94
74.966705	100.9831	-55.8286
75.509949	101.0071	-56.7821
76.057121	101.0462	-57.6196
76.608261	101.0906	-58.4532
77.163399	101.1266	-59.3924
77.722557	101.1762	-60.2472
78.285767	101.2268	-61.1154
78.853058	101.2648	-62.0924
79.424461	101.3138	-62.9779
80	101.3629	-63.8645
80.579712	101.3989	-64.8469
81.163628	101.4472	-65.7244
81.75177	101.4957	-66.5956
82.344177	101.5327	-67.5623
82.94088	101.5834	-68.4303
83.541901	101.6343	-69.3031
84.147285	101.6733	-70.2848
84.75705	101.7253	-71.1799
85.371231	101.7777	-72.0902
85.989868	101.8282	-73.0175
86.612984	101.8622	-74.0594
87.240616	101.9069	-75.0109
87.872803	101.9478	-75.9629
88.50956	101.9708	-77.0034
89.15094	102.005	-77.92
89.796967	102.0383	-78.8077
90.44767	102.0583	-79.7697
91.103088	102.0949	-80.6155
91.76326	102.1357	-81.4584
92.428215	102.1627	-82.4091
93.097992	102.2047	-83.2713
93.772614	102.246	-84.148
94.452133	102.271	-85.1392
95.136566	102.3074	-86.04
95.825966	102.3421	-86.9457
96.520363	102.373	-87.8493
97.219788	102.383	-88.8409
97.924286	102.4072	-89.7068
98.633881	102.4285	-90.538
99.348625	102.4345	-91.4308
100.068542	102.4601	-92.1853
100.793686	102.4879	-92.9073
101.524078	102.5029	-93.7093
102.259766	102.5399	-94.4104
103.000778	102.5792	-95.1291
103.747162	102.6012	-95.9735
104.498962	102.6387	-96.7383
105.256203	102.6735	-97.5068
106.018929	102.6865	-98.3596
106.787186	102.7175	-99.0866
107.561012	102.7507	-99.7877
108.340446	102.7697	-100.5722
109.125526	102.8111	-101.258
109.91629	102.8588	-101.9595
110.712791	102.9087	-102.6891
111.51506	102.9427	-103.5525
112.323143	102.9949	-104.3581
113.137085	103.0453	-105.2024
113.956924	103.0713	-106.1755
114.7827	103.1109	-107.072
115.614464	103.1438	-107.974
116.452255	103.1488	-108.9618
117.296112	103.168	-109.8317
118.146095	103.1813	-110.6709
119.002228	103.1713	-111.567
119.864563	103.1819	-112.3275
120.733154	103.1928	-113.0505
121.60804	103.1868	-113.8393
122.489258	103.2058	-114.5208
123.376869	103.2291	-115.2037
124.270905	103.2331	-115.9913
125.171425	103.2596	-116.7027
126.078468	103.2855	-117.4247
126.992081	103.3095	-118.1477
127.912323	103.3105	-118.9542
128.839233	103.3327	-119.6639
129.772842	103.3562	-120.3713
130.713242	103.3572	-121.1675
131.660431	103.3809	-121.8775
132.614502	103.4059	-122.5943
133.575485	103.4079	-123.4127
134.543427	103.4321	-124.1688
135.518387	103.4515	-124.952
136.500412	103.4395	-125.8347
137.489548	103.4411	-126.619
138.485855	103.433	-127.3482
139.48938	103.395	-128.0637
140.500168	103.3851	-128.5865
141.518295	103.3884	-129.0303
142.543793	103.3814	-129.5354
143.576721	103.4129	-129.9955
144.617142	103.4527	-130.5197
145.6651	103.4926	-131.1067
146.720642	103.5056	-131.8127
147.783844	103.5388	-132.4555
148.854752	103.5703	-133.0915
149.933411	103.5773	-133.7922
151.019897	103.6118	-134.4191
152.114243	103.6497	-135.0596
153.216522	103.6657	-135.7935
154.326797	103.7116	-136.4894
155.445114	103.7589	-137.2453
156.571533	103.7789	-138.1572
157.706116	103.8153	-139.0933
158.848923	103.8329	-140.0975
160	103.8019	-141.1742
161.159424	103.7737	-142.1076
162.327255	103.7317	-142.8955
163.50354	103.6597	-143.5772
164.688354	103.6248	-144.0591
165.88176	103.6061	-144.4759
167.083801	103.6036	-144.8962
168.294571	103.5826	-145.4199
169.514099	103.5924	-145.9369
170.742462	103.6002	-146.4896
171.979736	103.5752	-147.0988
173.225967	103.5742	-147.6145
174.481232	103.5744	-148.0712
175.745605	103.5534	-148.5261
177.019119	103.5736	-148.9066
178.30188	103.6061	-149.3173
179.593933	103.6221	-149.8557
180.89534	103.6688	-150.4535
182.206177	103.7106	-151.1663
183.52652	103.7086	-152.0139
184.85643	103.7175	-152.8588
186.195984	103.7045	-153.6544
187.545227	103.6495	-154.3867
188.904266	103.6167	-154.9439
190.273132	103.586	-155.388
191.651932	103.5613	-155.7404
193.040726	103.5183	-156.0425
194.439575	103.5218	-156.2461
195.848572	103.5435	-156.4384
197.267761	103.5545	-156.7088
198.69725	103.6072	-157.0321
200.137085	103.666	-157.4615
201.587372	103.696	-158.0258
203.048157	103.7499	-158.6551
204.519531	103.7929	-159.3605
206.001556	103.7919	-160.1312
207.494324	103.8049	-160.8665
208.997925	103.806	-161.5453
210.512405	103.77	-162.156
212.037857	103.7643	-162.6469
213.574371	103.7656	-163.0627
215.122025	103.7476	-163.4619
216.680893	103.7709	-163.8501
218.251053	103.8032	-164.2769
219.832581	103.8396	-164.7564
221.425583	103.8476	-165.2991
223.030121	103.8831	-165.8681
224.646286	103.9176	-166.468
226.27417	103.9176	-167.1093
227.913849	103.9431	-167.7774
229.565399	103.9596	-168.4675
231.228928	103.9366	-169.1542
232.90451	103.9352	-169.7945
234.592224	103.9297	-170.3662
236.292191	103.8947	-170.8613
238.004456	103.8972	-171.2987
239.729126	103.9098	-171.7181
241.466309	103.8998	-172.1545
243.21608	103.9273	-172.644
244.978516	103.9528	-173.191
246.753738	103.9448	-173.7682
248.541809	103.9603	-174.3552
250.34285	103.9718	-174.9144
252.156937	103.9842	-175.4364
253.984161	103.9712	-175.9227
255.824646	103.9936	-176.4333
257.678467	104.02	-176.9894
259.545685	104.014	-177.5872
261.426483	104.0312	-178.2437
263.320862	104.0385	-178.8966
265.229004	104.0085	-179.475
267.15097	104.0067	-179.9949
269.086853	104.0118	179.5544
271.036774	103.9998	179.1552
273.000824	104.0297	178.6958
274.979095	104.0687	178.1499
276.97171	104.0767	177.5272
278.97876	104.1055	176.7838
281.000336	104.1203	175.9882
283.036591	104.0883	175.2285
285.087585	104.07	174.4976
287.153442	104.0415	173.8818
289.234283	104.013	173.4045
291.3302	103.964	173.0757
293.441284	103.9603	172.7522
295.567688	103.9705	172.4331
297.709503	103.9655	172.1217
299.866821	104.0007	171.7162
302.039795	104.0416	171.2211
304.228485	104.0546	170.6647
306.433044	104.0874	169.9562
308.653595	104.1041	169.1858
310.890228	104.0721	168.484
313.143066	104.0556	167.8266
315.412231	104.035	167.2889
317.697845	103.993	166.9032
320	103.9923	166.5157
322.318848	104.0044	166.1167
324.65451	103.9974	165.7101
327.00708	104.0193	165.1658
329.376709	104.0351	164.5647
331.763519	104.0437	163.9554
334.167603	104.0177	163.4351
336.589142	104.0171	162.8945
339.028198	104.0184	162.3857
341.484924	103.9944	161.9534
343.959473	104.0014	161.4543
346.451935	104.0082	160.9496
348.962463	103.9892	160.5161
351.491211	103.998	160.0324
354.038239	104.0095	159.5632
356.60376	103.9995	159.1592
359.187866	104.0188	158.6604
361.79068	104.0379	158.1313
364.412354	104.0299	157.6566
367.05304	104.0457	157.1075
369.71286	104.0604	156.5634
372.391968	104.0514	156.1027
375.090454	104.0699	155.5721
377.808533	104.0922	155.0244
380.546265	104.1173	154.4307
383.303864	104.1143	153.8593
386.081451	104.1281	153.1701
388.87915	104.1328	152.4738
391.697144	104.1028	151.8959
394.535522	104.0922	151.3141
397.394501	104.0844	150.8138
400.27417	104.0594	150.4495
403.174744	104.0684	150.0122
406.096313	104.0841	149.4975
409.039062	104.0791	149.079
412.003113	104.0976	148.617
414.988647	104.1189	148.1284
417.99585	104.1259	147.7329
421.024811	104.165	147.1992
424.075714	104.2068	146.5615
427.148743	104.2208	145.9105
430.244049	104.2454	145.1232
433.361786	104.2598	144.3542
436.502106	104.2699	143.6391
439.665161	104.2609	143.0421
442.851166	104.2778	142.3171
446.060242	104.2914	141.5192
449.292572	104.2724	140.7726
452.54834	104.2639	139.9509
455.827698	104.246	139.1749
459.130798	104.202	138.5393
462.457855	104.175	137.8596
465.809021	104.1467	137.2498
469.184448	104.0997	136.825
472.584381	104.0832	136.3785
476.008911	104.0793	135.9444
479.458252	104.0653	135.5599
482.932617	104.0734	135.0254
486.432159	104.0781	134.4765
489.957031	104.0641	134.0541
493.507477	104.0746	133.5754
497.083618	104.0949	133.102
500.685699	104.124	132.5825
504.313873	104.137	132.0928
507.968323	104.1697	131.466
511.649292	104.2033	130.84
515.356934	104.2273	130.3059
519.09137	104.2806	129.6057
522.852966	104.3397	128.7628
526.641724	104.3767	127.8408
530.458008	104.4096	126.6534
534.301941	104.4102	125.3747
538.173706	104.3542	124.2442
542.073547	104.2885	123.1928
546.001648	104.2107	122.3742
549.958191	104.1237	121.8571
553.94342	104.0706	121.3619
557.95752	104.0373	120.9012
562.000671	104.0043	120.5179
566.073181	103.9988	119.9902
570.175171	104.002	119.4072
574.306885	104.0082	118.7546
578.468567	103.9982	118.1304
582.6604	103.9968	117.3508
586.882568	103.9873	116.5438
591.135376	103.9523	115.8382
595.419006	103.9246	115.0582
599.733643	103.8898	114.3264
604.07959	103.8368	113.7588
608.45697	103.7997	113.1597
612.866089	103.7654	112.627
617.30719	103.7234	112.2522
621.780457	103.7068	111.8144
626.286133	103.7022	111.3822
630.824463	103.6952	111.0229
635.395691	103.7111	110.5144
640	103.732	109.9465
644.637695	103.743	109.4092
649.309021	103.7655	108.6997
654.01416	103.7821	107.9364
658.753418	103.7911	107.1565
663.527039	103.7821	106.4936
668.335205	103.7851	105.7539
673.178284	103.7909	105.0186
678.056396	103.7869	104.3582
682.969849	103.7945	103.5516
687.918945	103.7979	102.7005
692.90387	103.7799	101.9361
697.924927	103.7682	101.1032
702.982422	103.7532	100.3202
708.076477	103.7292	99.6677
713.20752	103.723	98.9119
718.375732	103.7195	98.1199
723.58136	103.7025	97.3771
728.824707	103.691	96.4967
734.106079	103.6693	95.6042
739.42572	103.6283	94.8368
744.783936	103.5914	94.0284
750.180908	103.5532	93.274
755.617065	103.5149	92.5577
761.092529	103.4679	91.971
766.607727	103.4324	91.3212
772.162903	103.4007	90.696
777.758301	103.3617	90.1831
783.394287	103.3369	89.5904
789.071045	103.317	89.0131
794.789001	103.294	88.5321
800.54834	103.2878	87.924
806.349487	103.2844	87.2453
812.192627	103.2674	86.5777
818.078125	103.25	85.7549
824.006226	103.2173	84.9113
829.977295	103.1583	84.1826
835.991699	103.0925	83.4203
842.049622	103.0116	82.7521
848.151428	102.9106	82.2953
854.297485	102.8085	81.878
860.488098	102.6992	81.608
866.723572	102.5816	81.5146
873.004211	102.4526	81.7453
879.330322	102.333	82.2166
885.702332	102.2303	83.1384
892.120483	102.1703	84.7967
898.585144	102.2184	87.143
905.09668	102.4324	90.2909
911.655396	102.8724	94.2569
918.261597	103.5944	98.4667
924.91571	104.576	102.2429
931.618042	105.733	104.7537
938.368896	106.9685	105.1224
945.168762	108.1609	103.1792
952.017822	109.2129	99.1607
958.916504	110.0692	93.2912
965.865234	110.6833	86.1883
972.864319	111.0363	78.5232
979.914062	111.1614	70.6646
987.014954	111.0933	63.0879
994.167236	110.8841	56.0146
1001.371399	110.5771	49.5709
1008.627747	110.2228	43.5336
1015.936646	109.8344	37.874
1023.298584	109.4064	32.5757
1030.713867	108.9367	27.4471
1038.182739	108.398	22.6467
1045.705933	107.767	18.4487
1053.283447	107.0512	14.9804
1060.916016	106.2662	12.6207
1068.603882	105.4582	11.6046
1076.347412	104.7101	11.663
1084.147095	104.088	12.4659
1092.003296	103.63	13.4925
1099.916382	103.3447	14.0417
1107.886841	103.1873	13.8578
1115.915039	103.0913	12.8768
1124.001343	103.0039	10.9586
1132.146362	102.8562	8.3453
1140.350342	102.6026	5.3254
1148.61377	102.2066	2.3522
1156.937134	101.6709	-0.2961
1165.320801	101.005	-2.1202
1173.765137	100.244	-2.7281
1182.270752	99.4569	-2.1607
1190.838013	98.703	-0.5038
1199.467285	98.027	1.9169
1208.15918	97.4588	4.5074
1216.91394	96.9814	7.0611
1225.732178	96.5664	9.6018
1234.61438	96.205	12.0974
1243.560913	95.8836	14.8841
1252.572266	95.6216	18.5424
1261.648926	95.4982	23.701
1270.791382	95.6274	31.2379
1280	96.1284	41.2575
1289.275391	97.0338	51.8037
1298.618042	98.226	59.9947
1308.02832	99.5243	64.1073
1317.506836	100.7643	64.3438
1327.054077	101.8471	61.526
1336.67041	102.7131	56.7284
1346.356567	103.3351	50.856
1356.112793	103.727	44.4383
1365.939697	103.9119	38.0378
1375.837891	103.9199	32.0489
1385.807739	103.7977	26.5369
1395.849854	103.5763	21.6741
1405.964844	103.2823	17.5651
1416.152954	102.9509	14.0795
1426.415039	102.6014	11.2577
1436.751465	102.2514	9.1067
1447.16272	101.924	7.4096
1457.649414	101.6274	6.1329
1468.212158	101.3654	5.2576
1478.85144	101.1486	4.581
1489.567871	100.9789	4.0752
1500.361816	100.8581	3.6312
1511.234131	100.7761	3.184
1522.185059	100.7252	2.5101
1533.215454	100.6813	1.6499
1544.325806	100.6233	0.7281
1555.516602	100.5504	-0.2557
1566.788574	100.4623	-1.1258
1578.14209	100.3673	-1.7642
1589.578003	100.2824	-2.2782
1601.09668	100.2161	-2.6259
1612.698975	100.1731	-2.7815
1624.385254	100.1678	-2.9127
1636.15625	100.2026	-3.038
1648.012451	100.2716	-3.2055
1659.95459	100.3723	-3.634
1671.983398	100.4859	-4.3104
1684.099243	100.5984	-5.2021
1696.302856	100.7014	-6.1915
1708.594971	100.798	-7.3302
1720.976196	100.8855	-8.5172
1733.447144	100.9665	-9.6734
1746.008423	101.0479	-10.9
1758.660645	101.1313	-12.1433
1771.404663	101.2163	-13.3649
1784.240967	101.3086	-14.6887
1797.170288	101.4048	-16.0742
1810.193359	101.5048	-17.4841
1823.310791	101.6091	-19.0434
1836.523193	101.7132	-20.7209
1849.831421	101.8092	-22.4772
1863.236084	101.8954	-24.4021
1876.737793	101.9655	-26.4172
1890.337524	102.0165	-28.4356
1904.035645	102.0527	-30.5254
1917.833008	102.0747	-32.621
1931.730469	102.0787	-34.6569
1945.728638	102.0675	-36.6973
1959.828125	102.0455	-38.6379
1974.029907	102.0195	-40.4418
1988.334473	102.0005	-42.0696
2002.742798	102.0033	-43.6653
2017.255493	102.0321	-45.2597
2031.873291	102.0861	-46.9148
2046.597168	102.159	-48.8378
2061.427734	102.2296	-51.0477
2076.365479	102.2736	-53.488
2091.411865	102.2724	-56.1536
2106.566895	102.2121	-58.8261
2121.832031	102.0941	-61.2485
2137.207764	101.9408	-63.3315
2152.694824	101.7863	-64.97
2168.294189	101.6613	-66.2209
2184.006592	101.584	-67.3672
2199.832764	101.5535	-68.5447
2215.773682	101.555	-69.861
2231.830078	101.573	-71.2979
2248.002686	101.5975	-72.9165
2264.292725	101.6228	-74.6257
2280.700684	101.6448	-76.3383
2297.227539	101.6713	-78.1214
2313.874268	101.7037	-79.9461
2330.641602	101.7377	-81.7987
2347.530273	101.7752	-83.7779
2364.541504	101.8084	-85.8298
2381.676025	101.8374	-87.8885
2398.93457	101.8647	-90.0208
2416.318359	101.8941	-92.1964
2433.827881	101.9231	-94.4054
2451.464355	101.9504	-96.7563
2469.22876	101.9674	-99.2094
2487.121826	101.9704	-101.703
2505.144531	101.9548	-104.2797
2523.297852	101.919	-106.8468
2541.582764	101.866	-109.3466
2560	101.802	-111.7043
2578.550781	101.7382	-114.0005
2597.236084	101.6802	-116.2321
2616.056641	101.6282	-118.3994
2635.013672	101.5813	-120.5967
2654.108154	101.5406	-122.7877
2673.34082	101.5026	-124.9353
2692.713135	101.4715	-127.1215
2712.225586	101.4484	-129.3295
2731.879395	101.4304	-131.5481
2751.675781	101.4156	-133.864
2771.615479	101.3985	-136.232
2791.699707	101.3765	-138.5949
2811.929688	101.3535	-141.0059
2832.305908	101.3304	-143.4249
2852.830078	101.3074	-145.8223
2873.50293	101.2895	-148.2794
2894.325439	101.2722	-150.773
2915.298828	101.2571	-153.3121
2936.424316	101.2391	-155.8619
2957.702881	101.221	-158.4749
2979.135742	101.203	-161.0973
3000.723633	101.19	-163.6952
3022.468262	101.1877	-166.3695
3044.370117	101.1986	-169.1484
3066.430908	101.2156	-172.0677
3088.651611	101.2293	-175.2445
3111.033203	101.2211	-178.6569
3133.577148	101.1711	177.7846
3156.28418	101.0619	174.167
3179.156006	100.8937	170.7425
3202.193359	100.6847	167.7346
3225.397949	100.4754	165.1269
3248.770508	100.2971	162.8244
3272.3125	100.1671	160.6375
3296.024902	100.0798	158.303
3319.90918	100.0125	155.7503
3343.966797	99.9422	153.0035
3368.198486	99.8542	150.1958
3392.605713	99.7488	147.3822
3417.189941	99.6315	144.6673
3441.952393	99.5135	142.1048
3466.894287	99.4061	139.6199
3492.016846	99.3158	137.1924
3517.321289	99.2448	134.7846
3542.809326	99.1923	132.2842
3568.481934	99.1519	129.6837
3594.340576	99.1179	126.9931
3620.386719	99.0845	124.1564
3646.621582	99.0461	121.2198
3673.046387	98.9981	118.2403
3699.662842	98.9406	115.193
3726.472168	98.8753	112.1269
3753.475586	98.8023	109.0795
3780.675049	98.7238	105.9984
3808.071289	98.6403	102.9108
3835.666016	98.5487	99.8279
3863.460938	98.4497	96.7999
3891.457275	98.3463	93.8041
3919.65625	98.2428	90.8863
3948.059814	98.1458	88.0639
3976.668945	98.0602	85.252
4005.485596	97.9878	82.4344
4034.510986	97.9238	79.6094
4063.746582	97.8673	76.7268
4093.194336	97.8177	73.8297
4122.855469	97.7767	70.955
4152.730957	97.7521	68.0324
4182.82373	97.7445	65.0196
4213.133789	97.7495	61.8591
4243.664062	97.754	58.4693
4274.415527	97.7423	54.9148
4305.389648	97.7093	51.307
4336.588379	97.6567	47.692
4368.013184	97.5932	44.1617
4399.665527	97.5326	40.7307
4431.547363	97.4866	37.365
4463.660156	97.46	33.9203
4496.005371	97.4484	30.3426
4528.585449	97.4404	26.6097
4561.401367	97.4267	22.6864
4594.455078	97.3991	18.6271
4627.748535	97.3541	14.4979
4661.283203	97.2893	10.3028
4695.060547	97.2058	6.1061
4729.083008	97.1048	1.9663
4763.352051	96.9931	-2.1232
4797.869141	96.8755	-6.1092
4832.636719	96.7625	-9.9598
4867.655762	96.6658	-13.7474
4902.928711	96.5931	-17.5221
4938.45752	96.5441	-21.3387
4974.243652	96.5155	-25.2944
